4 0.35546875 0.334375 0.059375 0.15234375
4 0.3296875 0.49765625 0.10390625 0.0734375
4 0.34375 0.596875 0.1 0.07578125
4 0.59609375 0.60703125 0.11015625 0.06640625
4 0.46640625 0.253125 0.0546875 0.11171875
4 0.41328125 0.32890625 0.02734375 0.07578125
4 0.53828125 0.3625 0.053125 0.0984375
4 0.62421875 0.50234375 0.078125 0.0640625
4 0.66015625 0.43046875 0.0578125 0.08828125
4 0.7078125 0.571875 0.07890625 0.11171875
4 0.48125 0.54609375 0.07265625 0.06015625
4 0.41953125 0.56484375 0.05078125 0.0890625