2 0.8796875 0.16015625 0.13203125 0.2578125
2 0.89375 0.69140625 0.1765625 0.23515625
1 0.86796875 0.89921875 0.1734375 0.1484375
4 0.6109375 0.69140625 0.28125 0.16328125
2 0.34609375 0.90625 0.19609375 0.1359375
2 0.3515625 0.1359375 0.2578125 0.209375
5 0.62890625 0.1625 0.2515625 0.23671875
0 0.62265625 0.4359375 0.290625 0.19609375
0 0.33515625 0.43125 0.18984375 0.2578125
4 0.34609375 0.70625 0.18984375 0.221875
4 0.11328125 0.16015625 0.16484375 0.27109375
1 0.1171875 0.43125 0.16796875 0.2125
1 0.1125 0.6984375 0.1796875 0.246875