0 0.8640625 0.36640625 0.16953125 0.275
0 0.79375 0.125 0.25859375 0.17109375
3 0.59453125 0.24140625 0.09765625 0.375
0 0.70234375 0.3625 0.10234375 0.20390625
4 0.76640625 0.5984375 0.19453125 0.1390625
4 0.9203125 0.67109375 0.08203125 0.2359375
4 0.71953125 0.8 0.084375 0.22109375
4 0.5984375 0.74140625 0.10546875 0.325
2 0.40546875 0.55859375 0.1796875 0.10390625
2 0.434375 0.7625 0.08984375 0.19609375
2 0.2296875 0.575 0.0796875 0.15703125
2 0.11796875 0.78359375 0.128125 0.19609375
2 0.10390625 0.53046875 0.08984375 0.075
1 0.2125 0.4 0.26171875 0.09296875
1 0.16640625 0.19609375 0.2203125 0.09296875
1 0.3421875 0.2234375 0.05390625 0.16796875
1 0.4234375 0.29453125 0.06640625 0.29609375
1 0.48828125 0.13203125 0.05859375 0.17890625