4 0.165625 0.10546875 0.22109375 0.1390625
2 0.50390625 0.1375 0.25703125 0.075
0 0.82578125 0.1234375 0.22890625 0.11796875
2 0.48984375 0.30703125 0.20546875 0.2359375
4 0.1796875 0.31953125 0.1703125 0.2109375
0 0.8140625 0.31953125 0.18984375 0.21796875
1 0.1796875 0.56796875 0.225 0.1359375
1 0.18203125 0.75859375 0.19765625 0.225
4 0.81796875 0.5625 0.20546875 0.13203125
4 0.8125 0.76953125 0.1859375 0.2109375
2 0.50390625 0.56953125 0.27265625 0.11796875
2 0.5078125 0.7625 0.19375 0.23203125