2 0.30546875 0.3265625 0.13046875 0.134375
2 0.48125 0.67265625 0.12578125 0.11875
2 0.2890625 0.91015625 0.15703125 0.12734375
2 0.75 0.3859375 0.1765625 0.11328125
2 0.11796875 0.28046875 0.15390625 0.14296875
0 0.33203125 0.5671875 0.09765625 0.2
0 0.92109375 0.88125 0.1484375 0.20546875
0 0.12265625 0.11640625 0.21875 0.153125
0 0.73984375 0.13125 0.1109375 0.165625
0 0.103125 0.56015625 0.12109375 0.11328125
4 0.596875 0.12109375 0.115625 0.18671875
4 0.3140625 0.7546875 0.140625 0.11484375
4 0.1234375 0.74375 0.19765625 0.16015625
4 0.46171875 0.496875 0.12265625 0.121875