5 0.31640625 0.63203125 0.0640625 0.3359375
5 0.490625 0.70546875 0.096875 0.23359375
5 0.12890625 0.3234375 0.0609375 0.0859375
5 0.23203125 0.3234375 0.028125 0.0859375
5 0.615625 0.31796875 0.0625 0.103125
5 0.746875 0.328125 0.04609375 0.15
5 0.84140625 0.32109375 0.046875 0.103125
0 0.171875 0.290625 0.0640625 0.103125
0 0.69296875 0.3 0.028125 0.0890625
0 0.66171875 0.3875 0.07890625 0.075
0 0.39609375 0.4359375 0.04140625 0.04453125
0 0.3703125 0.3640625 0.0265625 0.05
0 0.453125 0.365625 0.040625 0.03046875