2 0.29140625 0.13046875 0.16171875 0.25390625
0 0.0875 0.70546875 0.1484375 0.36796875
4 0.28203125 0.77109375 0.09765625 0.27890625
4 0.6203125 0.35859375 0.22578125 0.2390625
3 0.7265625 0.65703125 0.171875 0.2859375
3 0.89609375 0.6625 0.1515625 0.1109375
4 0.59765625 0.82890625 0.128125 0.17109375
4 0.7796875 0.8375 0.15859375 0.1609375
0 0.428125 0.83203125 0.1484375 0.17890625
0 0.16640625 0.13046875 0.0921875 0.2390625
3 0.04765625 0.14296875 0.08984375 0.1640625
4 0.05625 0.35859375 0.1078125 0.23203125