2 0.1921875 0.11796875 0.315625 0.15703125
1 0.41171875 0.10546875 0.06953125 0.16796875
0 0.609375 0.11796875 0.25 0.17109375
0 0.86171875 0.1015625 0.2078125 0.175
4 0.09609375 0.3234375 0.14609375 0.2109375
0 0.234375 0.2890625 0.0921875 0.1359375
4 0.4171875 0.275 0.165625 0.1
3 0.615625 0.2859375 0.1234375 0.1140625
0 0.8328125 0.32109375 0.2421875 0.2
0 0.3484375 0.43046875 0.21171875 0.10390625
5 0.13671875 0.60703125 0.1734375 0.27109375
5 0.4765625 0.56953125 0.3921875 0.10390625
2 0.7265625 0.47890625 0.0921875 0.10703125
2 0.85 0.4875 0.0921875 0.09609375
2 0.93671875 0.4984375 0.0734375 0.1390625
2 0.834375 0.62109375 0.1 0.0859375
2 0.609375 0.65859375 0.11953125 0.0609375
0 0.765625 0.74296875 0.2 0.1359375
2 0.4921875 0.80703125 0.1921875 0.22109375
1 0.2984375 0.8015625 0.15 0.1890625
0 0.109375 0.83203125 0.15 0.1640625
4 0.734375 0.875 0.1 0.07890625
1 0.9421875 0.85859375 0.04609375 0.10390625
5 0.85390625 0.84453125 0.0921875 0.0609375