4 0.49921875 0.7671875 0.2078125 0.15234375
4 0.34609375 0.60703125 0.1578125 0.2171875
4 0.47109375 0.4671875 0.0953125 0.15625
4 0.63828125 0.5328125 0.1640625 0.17421875
4 0.82421875 0.7125 0.0796875 0.11875
4 0.71796875 0.7515625 0.1015625 0.1703125
2 0.13515625 0.428125 0.0984375 0.0828125
0 0.24296875 0.46875 0.0796875 0.10546875
5 0.1109375 0.59609375 0.19375 0.13203125
4 0.05625 0.71796875 0.0875 0.08046875
5 0.78046875 0.2484375 0.3953125 0.2328125
4 0.67421875 0.40703125 0.1046875 0.071875