0 0.1796875 0.31171875 0.0640625 0.1203125
0 0.63828125 0.27421875 0.10390625 0.0921875
0 0.86484375 0.278125 0.0703125 0.12421875
5 0.74609375 0.3296875 0.04765625 0.14765625
5 0.7953125 0.25 0.034375 0.0921875
5 0.32421875 0.62421875 0.04765625 0.3359375
5 0.48984375 0.65 0.07578125 0.1
4 0.49609375 0.77421875 0.04375 0.1
0 0.39765625 0.44609375 0.03984375 0.05234375
0 0.4671875 0.4359375 0.01796875 0.05625
4 0.440625 0.43203125 0.02578125 0.0640625
0 0.36796875 0.3640625 0.03203125 0.03984375
0 0.4546875 0.371875 0.034375 0.05625
5 0.12265625 0.32421875 0.05 0.0640625
5 0.23515625 0.3296875 0.02578125 0.1078125