1 0.1421875 0.07109375 0.25390625 0.09296875
3 0.4015625 0.0765625 0.165625 0.08203125
1 0.85390625 0.08359375 0.25390625 0.11796875
4 0.65 0.22890625 0.115625 0.1359375
4 0.06953125 0.3109375 0.13046875 0.1359375
1 0.69453125 0.80546875 0.18828125 0.1109375
4 0.72109375 0.65859375 0.11171875 0.11796875
4 0.29453125 0.8390625 0.1265625 0.17890625
4 0.26171875 0.6375 0.184375 0.08203125
0 0.08671875 0.60859375 0.134375 0.175
1 0.5015625 0.6984375 0.25 0.125
2 0.1015625 0.82890625 0.1421875 0.15
2 0.7765625 0.35 0.13828125 0.15703125
4 0.284375 0.31953125 0.15390625 0.1109375
1 0.92109375 0.39609375 0.09609375 0.22890625
4 0.565625 0.11953125 0.0921875 0.1109375
4 0.4484375 0.21640625 0.1578125 0.13203125
2 0.87109375 0.2234375 0.2265625 0.09609375