0 0.3015625 0.63125 0.1984375 0.14765625
0 0.48984375 0.859375 0.26171875 0.14609375
1 0.9203125 0.67109375 0.05546875 0.20625
1 0.83828125 0.4671875 0.065625 0.1703125
1 0.775 0.35625 0.06171875 0.14921875
4 0.91484375 0.45078125 0.05546875 0.18203125
4 0.934375 0.2859375 0.05546875 0.1265625
4 0.85234375 0.2421875 0.08125 0.203125
4 0.76171875 0.109375 0.06328125 0.125
4 0.68359375 0.20234375 0.0578125 0.1578125
4 0.57109375 0.1875 0.09921875 0.1703125
4 0.44609375 0.19296875 0.07109375 0.1703125
4 0.284375 0.1421875 0.2125 0.190625
4 0.1359375 0.2609375 0.08125 0.18203125
2 0.225 0.3375 0.0453125 0.0953125
4 0.29453125 0.28125 0.07734375 0.05546875
4 0.28984375 0.3703125 0.059375 0.0640625
2 0.15546875 0.571875 0.04921875 0.140625
2 0.2640625 0.4890625 0.13515625 0.08828125
2 0.140625 0.4171875 0.09140625 0.08125
3 0.09140625 0.50625 0.06328125 0.0609375
3 0.11796875 0.7203125 0.12890625 0.10390625
3 0.28046875 0.78203125 0.1328125 0.078125
4 0.45625 0.728125 0.07578125 0.075
4 0.628125 0.76640625 0.18828125 0.078125
0 0.73046875 0.671875 0.059375 0.10390625
3 0.71796875 0.86171875 0.1546875 0.075